[gd_scene load_steps=13 format=3 uid="uid://dtcnxxofouqf8"]

[ext_resource type="PackedScene" uid="uid://br3qcltvc1sgb" path="res://ray_picker_camera.tscn" id="1_3o4py"]
[ext_resource type="MeshLibrary" uid="uid://c0c3djgifhbb0" path="res://MeshLibraries/space_library.tres" id="1_bo3yr"]
[ext_resource type="PackedScene" uid="uid://csjdq42434llx" path="res://Enemy/enemy.tscn" id="2_5vx1e"]
[ext_resource type="PackedScene" uid="uid://b6a3tfb71rtov" path="res://Base/base.tscn" id="3_eesb3"]

[sub_resource type="ProceduralSkyMaterial" id="ProceduralSkyMaterial_4sal3"]
sky_horizon_color = Color(0.66224277, 0.6717428, 0.6867428, 1)
ground_horizon_color = Color(0.66224277, 0.6717428, 0.6867428, 1)

[sub_resource type="Sky" id="Sky_bo3yr"]
sky_material = SubResource("ProceduralSkyMaterial_4sal3")

[sub_resource type="Environment" id="Environment_5vx1e"]
background_mode = 2
sky = SubResource("Sky_bo3yr")
tonemap_mode = 2
glow_enabled = true

[sub_resource type="StandardMaterial3D" id="StandardMaterial3D_5vx1e"]
albedo_color = Color(0.31, 0.23911333, 0.1581, 1)

[sub_resource type="Curve3D" id="Curve3D_bo3yr"]
_data = {
"points": PackedVector3Array(0, 0, 0, 0, 0, 0, -30.019, 0, 5.728, -2.0129385, -1.9073486e-05, 2.3154464, 2.0129385, 1.9073486e-05, -2.3154464, 13.075, 0, 5.47, 1.484, 0, 1.686, -1.4836941, 0.09031868, -1.6859927, 12.724, 0, -1.649, 0.92, 0, 0.883, -0.919611, 0.057445526, -0.88348246, -9.843533, 0, -2.259283, 0, 0, 0, 0, 0, 0, -9.766092, 0, -7.9744897),
"tilts": PackedFloat32Array(0, 0, 0, 0, 0)
}
point_count = 5

[sub_resource type="StandardMaterial3D" id="StandardMaterial3D_eesb3"]
albedo_color = Color(0.18039216, 0, 0, 1)

[sub_resource type="StandardMaterial3D" id="StandardMaterial3D_3o4py"]

[sub_resource type="StandardMaterial3D" id="StandardMaterial3D_bo3yr"]

[node name="BaseLevel" type="Node3D"]

[node name="WorldEnvironment" type="WorldEnvironment" parent="."]
environment = SubResource("Environment_5vx1e")

[node name="DirectionalLight3D" type="DirectionalLight3D" parent="."]
transform = Transform3D(0.06975651, -0.5403886, 0.8385191, 0, 0.84056664, 0.5417082, -0.9975641, -0.037787672, 0.058634993, 0, 0, 0)
shadow_enabled = true

[node name="CSGBox3D" type="CSGBox3D" parent="."]
transform = Transform3D(1, 0, 0, 0, 1, 0, 0, 0, 1, 0, -1, 0)
size = Vector3(100, 2, 100)
material = SubResource("StandardMaterial3D_5vx1e")

[node name="RayPickerCamera" parent="." node_paths=PackedStringArray("gridmap") instance=ExtResource("1_3o4py")]
transform = Transform3D(1, 0, 0, 0, 0.42261824, 0.9063078, 0, -0.9063078, 0.42261824, 0, 14.5, 9.5)
gridmap = NodePath("../GridMap")

[node name="GridMap" type="GridMap" parent="."]
mesh_library = ExtResource("1_bo3yr")
cell_size = Vector3(4, 4, 4)
cell_center_y = false
data = {
"cells": PackedInt32Array(65535, 0, 1441792, 65535, 2, 1441792, 65534, 2, 1441792, 65533, 2, 1441792, 65532, 2, 1441792, 65531, 2, 1441792, 0, 2, 1441792, 1, 2, 1441792, 2, 2, 1441792, 3, 2, 1441792, 4, 2, 1441792, 65531, 65534, 1441792, 65531, 65535, 1441792, 65531, 0, 1441792, 65532, 65534, 1441792, 65532, 65535, 1441792, 65532, 0, 1441792, 65533, 0, 1441792, 65534, 0, 1441792, 0, 0, 1441792, 1, 65534, 1441792, 1, 0, 1441792, 2, 65534, 1441792, 2, 0, 1441792, 3, 65534, 1441792, 4, 65534, 1441792, 4, 65535, 1441792, 4, 0, 1441792, 4, 1, 1441792, 0, 65534, 0, 65535, 65534, 0, 65534, 65534, 0)
}
metadata/_editor_floor_ = Vector3(0, 0, 0)

[node name="Path3D" type="Path3D" parent="."]
curve = SubResource("Curve3D_bo3yr")

[node name="Road" type="CSGPolygon3D" parent="Path3D"]
polygon = PackedVector2Array(-1, 0, -1, 0.2, 1, 0.2, 1, 0)
mode = 2
path_node = NodePath("..")
path_interval_type = 0
path_interval = 0.5
path_simplify_angle = 0.0
path_rotation = 2
path_rotation_accurate = false
path_local = false
path_continuous_u = true
path_u_distance = 1.0
path_joined = false
material = SubResource("StandardMaterial3D_eesb3")

[node name="RightEdge" type="CSGPolygon3D" parent="Path3D"]
polygon = PackedVector2Array(1.1, 0, 1.1, 0.25, 0.9, 0.25, 0.9, 0)
mode = 2
path_node = NodePath("..")
path_interval_type = 0
path_interval = 0.5
path_simplify_angle = 0.0
path_rotation = 2
path_rotation_accurate = false
path_local = false
path_continuous_u = true
path_u_distance = 1.0
path_joined = false
material = SubResource("StandardMaterial3D_3o4py")

[node name="LeftEdge" type="CSGPolygon3D" parent="Path3D"]
polygon = PackedVector2Array(-1.1, 0, -1.1, 0.25, -0.9, 0.25, -0.9, 0)
mode = 2
path_node = NodePath("..")
path_interval_type = 0
path_interval = 0.5
path_simplify_angle = 0.0
path_rotation = 2
path_rotation_accurate = false
path_local = false
path_continuous_u = true
path_u_distance = 1.0
path_joined = false
material = SubResource("StandardMaterial3D_bo3yr")

[node name="Enemy" parent="Path3D" instance=ExtResource("2_5vx1e")]
transform = Transform3D(-0.050018523, 4.631245e-07, -0.9987239, 1.421047e-14, 0.99999374, 4.6369655e-07, 0.9987211, 2.3194453e-08, -0.050018664, -30.019, 0, 5.728)

[node name="Enemy2" parent="Path3D" instance=ExtResource("2_5vx1e")]
transform = Transform3D(-0.041937523, 3.9631138e-07, -0.9990953, -3.4809098e-09, 0.99999374, 3.9679912e-07, 0.9990925, 2.0119463e-08, -0.041937638, -25.024351, -2.113826e-06, 5.953372)
progress = 5.0

[node name="Enemy3" parent="Path3D" instance=ExtResource("2_5vx1e")]
transform = Transform3D(-0.036379177, 3.503544e-07, -0.99931353, -5.5600156e-09, 0.99999374, 3.507825e-07, 0.99931073, 1.8318211e-08, -0.03637928, -20.027962, -3.9834135e-06, 6.149238)
progress = 10.0

[node name="Enemy4" parent="Path3D" instance=ExtResource("2_5vx1e")]
transform = Transform3D(-0.03024848, 2.9966742e-07, -0.9995175, -7.556443e-09, 0.99999374, 3.0002775e-07, 0.9995147, 1.6628947e-08, -0.030248564, -15.030746, -5.6137756e-06, 6.3162103)
progress = 15.0

[node name="Enemy5" parent="Path3D" instance=ExtResource("2_5vx1e")]
transform = Transform3D(-0.02276822, 2.378206e-07, -0.9997164, -9.569827e-09, 0.99999374, 2.3809591e-07, 0.9997136, 1.4988812e-08, -0.022768283, -10.03253, -6.9652983e-06, 6.4495015)
progress = 20.0

[node name="Base" parent="." instance=ExtResource("3_eesb3")]
transform = Transform3D(1, 0, 0, 0, 1, 0, 0, 0, 1, -10.127884, 0, -7.9744897)

[node name="TurretManager" type="Node3D" parent="."]
